8
0.0 59.388571936859954 110.10428071150045 62.37587958596527 125.96264113063381 81.36854872986932 119.35219553060146 52.83586101499213 
59.388571936859954 0.0 118.07823768302487 118.21424016875244 79.07862412610775 59.589564927699485 60.08387427736337 52.77202343082307 
110.10428071150045 118.07823768302487 0.0 154.72939075118126 107.97596177922746 173.5787987231929 155.2917572011198 67.27874185840327 
62.37587958596527 118.21424016875244 154.72939075118126 0.0 188.33426600673351 114.84652132959346 176.03043014521313 111.81742906591718 
125.96264113063381 79.07862412610775 107.97596177922746 188.33426600673351 0.0 131.76535036821437 66.17815179925631 82.55728045323168 
81.36854872986932 59.589564927699485 173.5787987231929 114.84652132959346 131.76535036821437 0.0 83.55318444099198 106.30437145393343 
119.35219553060146 60.08387427736337 155.2917572011198 176.03043014521313 66.17815179925631 83.55318444099198 0.0 102.04089480316426 
52.83586101499213 52.77202343082307 67.27874185840327 111.81742906591718 82.55728045323168 106.30437145393343 102.04089480316426 0.0 
